17334,19429,15532,18901,13474
17503,14397,18211,16240,15101,16713,17346,16996
13605,13504,16861,15114.5,18431,14780,15314
16753,16857,15923,14455,16692.0,18929,18915,16594,18818,15225,19635,19467,14816,16984,17215,14613
13522,17270,16553,18390,17821,18681,17829,15107,18743,15708,13597,17785,13909,16817,14397,17343,19195,16412,14311,14580,19393,14437,17888,17024,15213,15913,19270,15699,15717
19672,16764,17207,14823,19678,15261,14210,17036,14786
16843,13478,16714,14226,19298,17967,16732,15699.5,14667,15674,17475,15794,14754,15893,14656,17956,16158,17624.0,19090,19980,15488
18367,15232,18754,15703,16412,14792,14880,17073,15278,16144,16396
16845,17981,13520,18726,15546,19454,14883,15615,19443,13734.0,18733,16076,14243,16421,19733,18078,17927,16313,18420,15254,16201,16331,16052,16299,18254,14321
13596,14754,14967,19599,18395,13700,16745,16790,13760,18516,17327
17614,14320,14797,16312,14070,17915,18393,16090,15925.5,15761,17008.0,18255,15357.0,19803,18391,15543,16234,19620,14338
17446,17120,16725,13555,15681,15245,19585
15970,19923,16886,17443.0,18000,18081,17470,18282
14476,14304,16815,14100.5,18233,16484,13857,14511,14978,15711,13545,16419,15457
17137,18809,14247,18751,15963,13853.5,19255,14474,14722,19896,17062,18704,14470,19882,17352,14585,19510,15689,19979,17957
18650,16626,18284,18868,16845,15992,16073,19688,16980,17302,15180,15764,17782,18313,14336,18531,15626,18007,15467,13822,15079.0,19694,17496,17728,14249,17278,15043,17563,17948
18866,14700,16452,17149,16923,18040,17690,15147,18863,15722,18762,19698,16948.5,14199,15089,15257,19839,17526
17812,16565,15787,13571,14388,19699,15852,18860,14116,17671,19179,19155,16040
14972,18888,17060,14493,17849,15449.0,18240,14400,17745,13501.5,14037,15865,18799
16460,18665,14611,15256,14715,17733,15620,18726,15204
14736,17772,14417,18450,15401,15932,17357.0,18782,16856,14937,17709,14718
15523,15230,15827,18226,18075,17652,14551,15542,14313.0,18044,18783,16707,13960.5,17746,14320,19266,17114,19827,18659,16521
13608,15523,15952,16497,14386,16169
16384,16560,18155,18821,17252,18957
16965,18436,18296,17403,15477,19707,17850,16412,14430
15292,15389,14580,13472,15177
14841,16123,19751,17950,13551,19837,18615,15230,19891,18944,15183,14724,18813,16804,16392
19963,16028,14174,14370,15117,17147,14267,19295,15609,19751,19617,16326,18651
18184,18629,15523,18510,15253.5,14058,17515,16856,14772,16880,15942,18049,19609,19921,13855,14288,18866
15319,14130,16730,17723,14383,14989,16351,13518,18509,14107,14767,17214,14442.0,17878,18315,16722,17110,16877,14489,17325,17852,16395,17679,17378,14777
17733,18835,14835,13937,14987,19571,15578,16903,13859
16775,15525,18831,13591,15014,17407,18104,18580,18974,14754,13504,16256,19098,13556.0,18002,19689,19755,14814,17746
14631.0,17350,17288,18397,14664,17475,18765,13895,14898,15214.5,18887,15333.5,18066,13628,16264,15892.0,15520,13707.5,18720,18303,15269,14267,19047,18546,16519,16843
13819,19772,14487,19094,18118,19656,18150,17408,13751,17078,15330,15581,18820,19044,14168,17763,15111,19975,16816,15043,16405,13944,16258,13658
18681,16129,19087,15449,16300,14018,14641
15015,15670,17846,16659,15167,16668,17776,14873,16692,14014,14966,14004,16954,19946,16911,15388
17870,16389,15937,19940,15322,16041,19229,17887,14160,15756,18183,17248.0,16313,18079,14137,19894,18388
18914,14509,19113,16474,14865.0,17629,14687,19269,14095
16235,14835,18806,19000,13945,14664,17054,15796,16618,18059,19019,19090,18650.0,18210,19392,15732,19459,17861,18352,17351
14221,16042,17617,18073,19171,15595,16998,19194,15147,17179,16207,16273,16375,18647,14551,18324,17349,14086,15153,13463,17732,14502,17677
14387,15007,15250,19261,14762,16163,14707,16166,17763,15797.0,13831,14827,15802.5,16778,14947,16148,18261,18311,13814,14487,19270,17618
16916,17054,16952,14106,14576,17501,17057,19246,19198,17081,17622
13828,15616,16990,14300,19190,14856,14503,18393,14835,14515,18855,13657,19756,19665,15988,16978,16601,18995
17307,19027,16159,15124,16223,17282,17365,16308,15252.5,14197,19524,13795,19569,19833,15074,14707,19414,18687,14900,13508,18765
14292,16243,13631,17540,17472,18699,16416,17986,19578,14605,16258,19441,17245,14612.5,14358.5,16737,14488,18740,15371,14932,14634,18520
15710,18349,14642,16120,17903,15709,16263,13659,14947,16630,13677.5,18114,19265,19988,18172,14248,14590,13539
14315,14387,14472,19254,18843,16156,17938.0,19720,18612,13717,13624,19483,16416
16978,15403,15617,17140,18199,17071,15600.0,14129,19247
16007,16409,14385,15008,15771,16249,18839,18796,15540,17603
14469,17944,16581,13883,14277,13607,13786,13783
18159,16082,16645,13739,17233,14511.5,15767,15660,15344,16259,15703,14763,15994,19651,15741,13578.5,16443,17067,13825,19354,15417,16551
15811,19733,15239,18576,16667,17860,17905,18279,19316,14721,18823,18128,13941.0,15995,18325,15324,14113,13461,19721,13838,18990,19960,14322,16239,18108
19648,13767,17117,19246,19960,14688,18988,14666
18210,16716,17311,19059,18361,17447,15332
19446,15395,19333,16740,18175,16174,17235,15298,16576,18548,13909,18045,15974,16220,16935,15935,19328
18171,16741,14297,16227,19192,14472,15106,14357,17444,16400,14450,17962,16518,15734,13871
19143,17626,18249,18594,13872.5,17739,13616,13485,17934,16329,15452,17365,17414,19884,13936,17498,16858
15036,15690,16038,14682,18633,17342,19164,14594,16501,18868,14113,19187,13515,15353,19971,15206,17421,18560,18872,18973,18525
