5920622425
5031635674
-2657059465
3692189975
6154561223
792133260
4852633245
-9457276651
-3363471342
-8083043550
-2052924800
3375339111
9796822301
-10537344411
-245146920
183927019
-5906177801
8876322321
-2068014207
-614431633
-941416475
-6417757681
11498993598
-302224115
11629251182
-12836557744
1779452743
-5691304542
3528155080
3793241717
-594333629
-8753809074
-771413739
-3437643519
-3339208534
-8592312493
-1942112954
-6347779592
-16541089992
474935203
-11680165820
-8525949692
-5729071055
3633518674
-11549817384
-14483770112
-9148415390
-3814964588
-10934112063
1162736858
5111056062
15512039945
-8660063475
4848957883
-5076473006
-4053423315
4093420700
-3845516447
-582038855
-4683277010
2904810213
16062698309
-4778776431
656825479
-12142296206
1821848668
11678836180
-4981588498
-4632418908
9131429273
13208918958
4713399420
-1942470916
4225745016
-6321894645
-46364160
-8211228170
-18979258994
-8377403768
-817502760
-11837562214
2218235210
741335893
-3960521999
-730483748
-3362975270
7131491448
6990719320
17179522977
-4563566513
-7102087525
-563102574
-5985556613
-10152205255
4117055134
-13324443810
21167919392
-4860040366
